758

41444441. 4141444444, 0444444444414444
Domus 8. 1. 1144144, Μ, w, 111, 114,
110, 811, w. 401414

Romanorum 1144, 1144 844414444441-
14. 144414441144441.

11444444, 1444414444, 4144444144 14444144·
αὴηω

1144, 0444144144, (1444144444 1444411444·
444 444144), 111, 111.

1444444844, 0444141144 (41144 8441444144
441 1144144144), [1184444444 4444444144
1144144141.

“ 114414, 1444. 1444444 4411.

844444, 1444444 8144444444,144444444
1444444444, inquisitor, 181.

1144411144, (1414414444, 111.

11444441044144444, 14444444 44, 14444444
44 41444144, 111.

11444, (14144 4411444444444444141444444·
44411

noya, 1441144444 44, 11.

1144444, christodolus (41111 044441444144),
84411144 Animus. 114.

1144444, (14444144, 84441144 444144144114.

11414444, 84414144, 111.

84444, 1. 44144444 4411. Antonius ΔΙ-
444441), 411

11444, 1. 4141444444, 511.
11414 44 844444, 1. 141444, 411.

8414 44044144 41 14414441, 14444444444,
1114441444 44 844444, 1444144 1144444444
14 urbo. 11, 441.

nur: 441 14411114, 1. 8144444444, w.

rummandum Episcopus, 1144 1144.

844,1. 844444414445.

84444444, 114. 141444 44, 411

84141444 1144444444 0444144144, 1144 Aa·
441114.

84444441, 1. 1444414444, 41, 44, 41, 10, 11,
mmmmmmmffim
MQQffimfflfflmm

8444414444, 1444444 44, 1444 1141114444
84444 84444.

84444 44 11444444, 141444, 111, 557.

M, 1444144 144444,11444444444 1144444-
444, 1441444144 Δ44414444414,111,114,

84144, Fr. 1444444 44, 0. 1., 44444 14441·
4144 04444144 414144, 411.

8414444444144441440. 1.,18.

8414444, 1. 1444411444 44, 501, 511.-14144·
1144 041144418. 1. 1144144, ῶ1.

INDEX orromsncus rusorum

8414444 41044144, 144441444 44, 504.
841444114444 44441441444444, 1444 cora

444144 (14 8414444.
84144411444414144444, 1444 84444444444.

ὴέξα, 1. Dr. 1444444, 448, 411, 401, 410,,

subhumari· 841444444, 1144 8444·-
&tuomum 444, 14144144444 444
144444444414 8444444444, 115, 2³8, w, 110.
84144411444444 4444444144 044441144144,
8441Ἐ441144441404114444 8. 1. 1144144, 1144.
1444444444, 184414414444444.
8414441444444 04114444 8. 1. 8444444144-

· 4444, 1444 0444414, 1. 44144144 44.

84144414444414 841444444, 1144 Maurique
44 Lm.

841444444, 1. 4141444444,114444111444041--
14411 8. 1. 1144144, 11,11,101,111,111-
mfflmQQmmm

8444444444 4·044444,411144(141141441,114444·.
41 44 844441444, 150.

8441444, Fr. 141444 44, 0. 1., 111.

84441444, 114, (14444144444 4444444144 114·-
4144, 510.

84441444, 1. 44144444, 551.

84441444, christophorus, P. 1444141 84414·
4444 144144, 811, 111.

84441444, 044444, 101.

84441444, 1. 1444444 84411414, 411, 414, 411,.
410, 480488, 411, 411411.

84441444,1. 141444, 411, 411.

84441444 8144444,144441444, 11.

84441444411444444 412444414, 4144444444,Ι
444444 841444444 1441444444414, 441481-
44414444,1444444 4444144414, 441.

84441444 14444444, 1444444, cordubensis.
Episcopi 44444144444, 115.

84441444414, 1444444111.

844414 1144141444 8444414), 144144 44,,
44444144414, 051, 051, effi, 101110.

-8144 144144, 11441444444.

8444144 044414 0444444114, 1144 0444144,
1444441144.

844414 444480444144114, 1444 8444444,
1414444144.

844411 1444414 44 1144444144 comes, 1444

, 414444444144444.

844414 8414414414 (14 84444114) 8414444444,
1144 1444444444 84441444.

844411 11444414444144) 841444444, 1144
0444.

844414 1144444144 11444144 (14 844441444
1444144144, 1144014144.

8444144, 1., 4444414441, 110.

84444441 41 114144. 1144444444 4411444114.
44 114414, 540 548.

 

