nemu oisonsncus scissemus

8444414141 (441 8444414111), Philippus,
archipresbyter 14414444 w, 104.

(14444414, (1411414444, 581

(14444444, Petrus, Grensiensis 44441441·
444444, ici, 518, 510, 012015, 588.

(1444444,14444444 44, 488.

(luidonis, (1141441) 44, 50.

(1411144444 41 8411444, 14441444444, 501,
501, sili.

84144444, Fr. 14444444, 811.

84144144, 1444414444, 41.

(1414444444, liebertus, Dux, 114.-8)44
4444, 114481444144114.

84144044414444, 0444144114 4414484444.
11, 18, 811818, w, 881, 884818, 858.

84144, 8444414444 44, 1144 44 (luiso, 141,
eee.-sjusu10r‚ 1144 11414, 4444 44. ι

8414144 044,114404444.

Guilelmus, 44444 8. Theoderici (8. ’14144-
41) 444144 monachus 8441444444, m

Guilelmus 11, 84444144 1144, 800.

(1411414444 V, severianus, 105.

(1411414444 1, solemniacensem.

1144444414 Episcopus, 1144 04414444144,

(lusti, P. 8444414444, 184.

Ostienses, Fr. 1444444, 485.

1141144444, P. llssilnus, 418, 414, 410, 411.

1141144444 44 4441414444444, 418.

(1411444481444444, 1144 (144144.

(luminu, 4444 4 crues, lx Comitis 44
814414 4114, 510.

11444444, P. 1114444444, 11, 48, 10, 181, icc.

(1444444, 8444144444, 11 comes 44 01144·
444 (0144441444), 81411144 144444, lle.

11444444, 1. Ludovicus 44, w.

0444444,114411444 44, 100.

11444444,141444 4411144444 44 01144444,

(1444444 4184444, 1444444 414444444 44,
1144 44 1144144 8144414, 044444 44 1114-

mmmmm.

H

mmmmm-,Q

8444444411844111, 1144 44414444.

841044, 14444444, 100.

8411144 44 84444 84444 (84444 84411 14
14414), 1444444, 504.

8444414444, oliverius, Μ.

84444441 (84444414444), Gerendus.
1144 8444444444.

84444, P. 41144444, 110.

1144444, 14444444, 10, 111, Μ, m, 880,
mmmm, 8180111.
nummum.

747

8444 (Hosius), l’. 44441444 444, 88, 811,
11444 (844144), Theudoricus 444188
841414, 0444144144444444, 108. ’
841441, Ρ. 1144444, 144411 4411441181.
1144144, 41 14144141 84444141444444, 105,

nemesius sei limenius (44 844141), 150,
mQffim

Henrieis, Antoninus 44, 50.

84441444, 1., 41444444, 180.

84441444, 1144444414 44441441444444, cns
4144114, 4441144144 14144444, 4444144
spostolicae 4141444, 41 supremus 14 Lu·
siisnls 1444141144,558, 151, 581, 188511,
818, 511588, 581, 184, 011004, 001, 008, 810,
011, 018-1441444111441144, 514.

84441444 11, (1411144 1144, 11, 41, 118141,
881, 810, 881, 881, w, 810, 854, 850, 858.

84441444 11, 81411144 1144, 814.

844414444114484414444.

8444144144414 Episcopus, 1144 zobel.

Herculeus 44 04444144 41 Annulo, 414444·
444, 008.

Hercules, 444144 1444414444414144, ico,

Heredis, P. 44144144 44, 88, 018, 008.

8444414, 1. 8444414444 44, 411.

844444401444, 1444444 44, cardiu, 188.

Hermes, 1144.(844444414 clei-eii, 811.

-llius 144144,14444444414 444441444811.

844444444 (41144 8444444441, 4144444444,

1144444444, P. 8441441444444, 841444411-
444414 collegii 8. 1. 1144144, elo. 411, 415,
411, 418.

844444444, Ρ. 1441444888.

11444 (14 14414 8441) 84441444, m

8444444, 84414444 44, 418.

8444444, (lundiniensem.

Herzog, 8444, 154.

Herses, 84441441444 44, 411.

1144144, P. 44441444114411444.

81444441114444 Episcopus, 1144 041444.
Hieronymus, 114,οδ.

8144)444,11444444444,881. -
Hipponensis Episcopus, 1144 Petrus.

ilispsleusis 4444144144444144 visitetur,
1144 1144441114.

Hispalensis 4444144144441 11444144, 1144
(1444441444 44 8414444.

8144414444 44441441444444, 1144 141444.

Hispalensis 444444 8. Penii, 0. 1., Prion,
1144 Celso.

814444144 8444444144, 1144144444.

814444144 1414441144 (letoius-is. 144-
eluendus-le. cesima-ta. 814444-
44-141. misenum-ts 114414 ·

 

