illim orloliislicus l’ssnsollkull

lieinnny (111 1110021100), Miloniano,
1111111111 collegii 2. 1 . 1110101, 1112,
lii, 212, 221, 222, 211, zio-lai, 211, 200,
202, 211.

211111011, 1120111111100, 1101 1101100
11 10111.

2110101, 11001101. 1111111111 1101100·
0111, 100110110011111010111 Germania,
2111121, 111, 210, 212, 252, 201, 220.

21101101, Ρ. 0000110111, 0011, 213, illl, 200,
2111, 222, 211 212, 20.

2110001111, 21, 1101 1101001.

21111,11110010 01, 1101 21100111 11 20-
lu.

110111, Ρ. 11100111, 211, 212.

21121, Ρ. 1011101, 210.

21101100 (111 2111011011, 21100101, 0011·
11 Ρ1111111111 1010110111 1110101, mi,
83²·

ι 2110110,111011111, 0101211111 1101100001,
201, 221.

211111 Δο0011111,21,20, 21, 211, lin, 201,
251, 210, 225.

21100, 1111011001, 0. Ρ.. ⁴08.

2111, Fr. 2111101, θῶ.

2111, 111. 1110110121.

11111, Ρ. 1111101111, (10111111 (10111011 S. J.
1110101, 520, 012052, 222, iii—indiae 11·
01010111011111,220,201,212,012.

2111, 2101001, 110110110110011111110
1110111 1110100110,20,105.

2111, Fr. 1011111, 510.

2111, 111.1111011101,111.

2111, Ρ. Ρ11101, 012.

211121111111101,11100111,102.

2111 1111 21101101, (1101111, 0.

2121011111 0010111111 1110101, 1101 Bo·
111011101.

21000101 21011111, 215.

2001111111, Ρ. 111111001210.

2101001111, 110111011101 1101100001, 1110·
1111011122, 102.

2111001οι vel 2111101, 1011111, 1101 llyr-
1111.

200111, (111011 00, 1101111111 domn· (111·
01111101, 12, 12, lii, 11, 12, 20, mli,

2011111000, Ρ. Hieronymus, 21011110 Ρ111·
0011101 Ρ10111011111,0, 12 , 12, 121, 105,
liii-iiiii, 102101, 202, 221, 211, ill-219, 211·
222,ωο.-111111111201110112.1. 200101
,15111010

2011111100, Ρ. 1111111, 210011101111100·
11101 S. 1. 1110101, 100, iiii.

nomenonii, 111111, 111111 1101111111 Abba,
2121120211.

211111, Ρ11101, 21111, 215.

2101111, 110ςο1111 101, 01211512.

713

20 01100, Dominus, 110120111111.

2011110111111101110), 1011011111, 202, 011,
210, 012015. 251.

200011, 111110110100,122.

201011, 1100011001 00, 120.

21111110,21101110, Dominus 00 01101,
132,221,211,522,551.

200111, 20001101, 521.

2011011, Dominus 01, (1111111 11001111 1
1100111111 consiliarius, 1122, 212, 222, 225.

200011 (Ρο111101), 1³. 21101001101,15,
122, 210, 201.

2000101111111111(111)21111012111111,

2011111001, 2111111101, 2110111111, 1111-
1101111 1101100001, 205.

20111111 1211100101, 2111111, 201100111,
10011111), 1011101, 221.

Ε

lilioli, Princeps 01, 110101100111111
Eliizreffiis 11001101100001, 1101 1101110οι.
1100111111 collegii 2. 1. 1100011, 1110 San·
11,Ρ.11100111.-11. 211101.
2011, 1011110, 201.
11011, 1101111001 ab, 200.
11011, Simon 1010011111, 200, 201.
0110101111, (1011111101, 1100 2111101111.
11111110, vnn, 211.
11111110 112001111011011, 0011110000111
11110111 10, 211.
111000, 1 1111001001, 1101 01100111 01Ρ1·
0102011211101011111), Guilelmus, 221.
111101011,1111011111 111111, Philippi l
egwinum· 11, 201111111111011,
Ritoxgg’ffinniinni 111011 Emmanuelis 011·
mum, 001101 1111101101 1 (11111111 111011,
11·1111111101111113111,ὓ 1111011111 111111, 0011100112111,
1131311110 1, 1111011111 1110111, cognomen·
10 la 01101100, ml, 101, 500, 5011, 010.
2111101111, 1111110110 111111, 10, 202.
21101100 (tin 2011111, 1101 1111101101.
2111111011,1.1111111111 1111,2.5, 521, 222.
Ε1111,010111001,221.
(11110011 (11111 1111101111, 1101110011),
Ρ. 1111111001, 050, 051, 022, 202, 211111·
Bffnnm, Ρ. 1111011001, 205, 221.
21110011, P. 10120111101101111100111·
ι0112.1.1100101,522, 525, 520, 502210.

 

