762

141441144444461441444444,1164 1114444.
-16, 1111444444, E. ’1644444 64.

1414411444 144444, 1164 04464444 41 Ρ4·
cicccc-iri. 1114444.

-11444 prioris Procopio, 11641414444.
14144, 1146441444 64, 490.

141444044414444, 490.
14144144, 1444444,119,54,146.
14114, Ρ44144 64661.

- vsuisoioccui coliculi Β. «1. 1144164, 1164

141644446444.

1444141 64 164464114146441444, 114411-
44444 9414444496.

14444, Ρ. 1444414444, 591.

144444, 9444414444, inperatoris snm·
4444 secretarius, 991, 4611

144444 04444141, (14114444 64, Placentinus
Episcopus, iffi, 461, 466, 411, 416411, 461·
4615411545.

1441444, 11146411, 1164 6444144.

1444144414 Episcopus 41 044614, 1164
1144144.

14444,1444444 44144144, Ο. 9. Er.. iri.

144444441144, Ρ. Simon, 691, 615, oei, 669,
694, Μ.

144444441144 41 lienosos, 94461444644,
Uiyssipononsis Archicpiscopus, 600.

144111444461441444,1164 6444444, Elis·-

144, Ρ. 44144144, 101160.

Vss, Ρ. (14461441444, 510, 511, uis, iffi, 609.

144, Ρ. 1444114114, 691, 695.

11444444, 1444444, 644411 1 44444144144,

1444444, Ρ. Dionysius, 466, 461, 4611.

1444, 1111446416 64, 6164444 11441444, 1111,
199, 199, 196, 919, 904, m, 999.

11444, 1444444 64, 61411144 Prorcx, imino,
199196, 199 919, 914916, 916, 919, Eli-m

Vsps, 844444 (441 4444444664, 991.

1444, 0444114444 6414, 9441444144 (apsn-
iciPiiiiippiii, Rogisiingiisc, iu Urbc,2⁰›.

chionsis Episcopus, vids 61141414.

14144, 1164114144.

1414444, Elisabeth 64, 9444446141 64 cur·
64444 41 Ρ446444, 141441144 Prorugis,
uxor, 664.

14111, 644 444144464144 cognom, 905

1414144, 144144, 1141441444 1414444 11444-
m 411444 6141449611.

1411144, (14444644, 960.

141444, Ρ41444, 1164 1141444.

144444 41 64444, Hieronymus, 1144114 114-
pulis 444 uispiscopus, 900.

144411 1141144119. 1. 1144144, 1164114141.
Vcniimigiiu, Antonius, 915.
1441141416, (scorpius, 192.
14444144, Ρ. Ρ41444, 909.

INDEX otiosissimus PERsoriiiRiiii

14461444, Ρ. 0444144114441444,961.

1446144416, 9444414444, ioe.

1444444114, 1164 11441444 6414441444.

Verum, 64,, 1444444, 690.

verinus, 11146461, 1164 6444144. Ι

1444444414 Episcopus, 1164 11444441.

voscsnusiipiscouus, 1164 Ρ4444144.

144141, 0414414444, 654.

11444414 Episcopus, 1164 11444.

1144414, iisg. iisriiuus, 410.

11414414, 9444414444 64, 0. Ρ ,1.

11414414, Ρ. 1444444, 1144444414 (14114416
6.1. 1144144, 996. ’ “

11414414, 14644144464, 99.

1144444414 collegii S. J. 1144144, 1164
11414414.

1144444414 Episcopus, 1164 Brun (64 144- .
411141.

114144 (41144 11444, 114444, Eius-si Ρ. Di·

¹ dflcuflpwls

114144 (silus 11444,114444,14144, 111444),
Ρ. 1444414444, 650, 654, 609.

114144 (41144 11444, 114444, voirs, 61444),
Ρ. 1444444 64101, 109.

114444, Fabricius, 139.

114444, Hieronymus, 111, iiii, 160.

114444, 11146491, 116.

1144144, 1444444, 0. Ρ, 911, 919.

1114114, Ρ. 4144444110, 191.

1116444, 1441464, 199.

111146444444, Dux 64, 1164 444444 41
644444.

111144444, 1444414444 64, 1144441114444
Russus, 116.

1111444444, Ρ. 9444414444 64, Ρ144441141
eoiiopii E. 1. 1144144, 441, 446, 459, 465·
468, 410, 495. iso-⁴82, 596-114411444 Ρ444-
positi Ρ44414414114 041141444114, 419.

1111444444,1444644(141444),969.

1111444444, Β. ’1644444 64, 1414411444 44- ,
chispiscopns, 961, 914, 965, 966, 919.

1111444414 64 11444144, Dominus oppidi,
1164 Ρ446444, 1444444.

vilicus, iii 14444614 64,11641.4444Ρ4-
c 444.

1111444, 11 14444614 64, 1164 Ρ446444 41
1146461114.

vincio, Ρ. 44144144, 114444444414 64114311
S. 1. 1144144, 199, 194, 991.

11441, Eiiss, 566.

11644, Ρ. 1144411144, iis.

11414, Ρ. 1444444 64411414, 6, 691, 944.-

(144444414041143116. 1. 84444141446444,
109, 119·111.-1141144 (144414444144, 1111.

1144444441444444 44144144, 66, 60.
virginis 1., 644414, 916.
virilibus, 6444441144 64, 54, 56.

. 1144444, 9444141444 641900.

 

