mmlx cssocnarlucus

1444844414184.
84444444 (enganna, 1441444414), 881.
84441114, 8,18,814,811·884,888,881,08,

884, 888, 048, cn.
1144411144 1144414414 S· 1., 8, 8, 811818081,

8444444144, 8184 8444444444.

1144444114 (14 44444 11444414), 140, 148.

841444, m.

1441444414, 8184 84444444.

8444441444 (Brumae) 0411441444 8..1.,

1441444144 (8444441414 444441. 8, 881, 88,
814, Μ.

Brixia, 884188, 418.

araneola, 8184 1141444144.

8444444114, 8184 8444444441.

1444441444 (8444484444), 848.

8444444414 441 8444444141 (8444444114),
1144441144 (1444441144), 81, 41, ml, m, m.
881, ala-319.

Bulla, 808.

anasum, 8, 114, 184, 'PR-w.

Burdigala, 8184 1144844444.

Burgenae Collegium 8. J.. 481, Ml,
480, 888.

1144444414 814444414, 888.

8444444444 444414414 84444144, 80).

8444448441), 8,481, 481,441,441,488,440,

1144444814, 814.

04814 (414844), 818.

0444444444444, 8184 84444444.

Caesaraugustam 0411441448. 1. , 811,
881, 88888408, 401, 408.

041444, 880.

calabria, 180, lae, 181, 184, 118.

0414144444 (0414444414), 818.

’041444441444 m

calatayud (1111141114),888,408, 48.

04441841444144 44444444144, 84114444
04444444184 14 1144444 8144444 , 44444
84444144. 81.

ι04484444 (0444144814, 0448481444444,
114, 118.

Cantabria, 441.

044444 (calligata), provincia, 111.

044444 4044414444), urba, 118-181.

414448·144414(.144414444114), 148.

4144444144, 48.

04444, 848.

767

04444444, 881.
044144444, 118, 1144118.
044441144444 4444444144, 8144444818,
04444444,408.
04441, 181.
044444444 (carthago Nova, 14 81444414),
carthaginiensedloeeeala,5oe‚5lll.
0444441444144 44444444144, 11441444
4444444 84444444 814444, 444 lenge 4
8440444414, 481.
044441884484,18, 88.
4144441144 1144414414 8. 8., 8, 0, rol, 410, 481,
mmmmffiffimmm
catellae ragnum, 814, 411, 48), 588, 810,
ffimffim
044444 (8414414, 8414441444), 888.
04444441444441,818.
0444144414, ml.
044444,818.
0444441444, 8444444, 4444144 04114-
411 SA.. 04484844, 4448.
catharinae 84 maara, 8444444, 44444444-
4144, Romae, 18.
cathedrale 1444144, abelae, 448.
· . 1444414444, 883.
⁸ Burgla,‹l³9.
ι 04441444, 444.
a 1444444144118.
ι 4144444,110.
ι (14444444, 8410.
» 11144411, 4841, 888.
» · 114444444,188,118
0444484414 4444144114444444411, 14 8141· ·
0444484414 templum, Neapoli, 114, 118.
ι 1444444188.
ι a l’aruell‚64.
cathedrale templum, Placentiae, 488, 488,
411, 411.
cathedrale 4444144, 1144444,810,881, 851.
· 844444414281.
ι ι 1444441, 818.
04414444, 8184 044444.
04414444, 8184 044144.
(labella, 844.
cellarum, 144414, 881, 018.
conaremur 04114) 4444444144, 44444
8414444144, 814, fficffill.
04114 (1.4). 1441144 04114 81 Brugnola, 9.
04141, 844441, templum, 1444444, 10.
0444444144 (04484444) 044144444, 818.
0444444, 844.
cervara da Agallar. 488.
01441444-444-114444,881.
0444444411, 881.
01444144(1.4),8Β.

 

