W

1166166616, 660. -
(666, urbs, 6, 611, 100, 000, 0111, 611, 040 ·
641, 016-618, 66264, 01660, 662661, 661,
w, 610, 612, 618016, 686, 1011110, m.

(166666 collegium 8. 1.,600, 608, 611, 610-
668, 661662, 668, 618, 016, 681. ’

(161616, 16 611166, 811.

(1611116, 246.

Gothi& ”a ¹

(161116666210.

(1666611, 010.

(11616666 (6166616), 8, 408, 606610, 6126161
618661, 611, 661, 614616666. ’ · ¹

(1161111166 1666666814, 600· ’ ,

(1166616666 Collegium 8. 1., 608, 601, 610,
610, 661, 646. ’ ’

(11666166666661616 collegium, 618.

0166606666 6666616116, 600600, 616.

(11666066616 Domus (6661666016) 8. 1., 616.

1116666106.

(1166661166, 818 .,

0166666, 212.

(1666616661116116606116111 66, 0166111616-
11111116661616 monasterinm 66666116 86
6616 66 0666616116· 6161661. '

(166166, 16 66611, 686.

(161116 (86361116, 1166661616),10. 1211

4161666, 660, 641.

(1611666666, 460, 468.

Η

116116, 261. .

116166110664.

1111161616, 20, 61.

ffleronymimorum 666661611661, 61666-

1116166111116661661 monasterium 61666116
866616 66 0666111666» 61616611,16 oppido
(1666616116, 184, 548 ’

111616616161161616 666661611661, 8. 161 io·
-11 (8.16166666106666161666 Hispalim. ·

motuum-nomm 16666606116111, 866611
1616611 (8. 161616) 666666666111606161,1
16 86616661 66 0616661666, 501. ’ ’
Η166661161166616161 6166660611616, d· run·
61616111, 614. ’ ’

11161666111116616116166616611600.

Hispalam-collegium 8. 1., 681, 408, 581, “

ffimwmm

Hispania, 6, 1, 60, 61, 68, 41, 65, (Mis

&mmmmmmffiw‘
QQQQQQQQQ

6611111 66661161111666
fwfflfflfflmfflmffiw

fflffiffimmwmm,

ςΗ166611166Α6666111116,686. ¹
. 1116666166 Provinciae 0. 1., 661, 662.

, 1116666166 rogat, 481, 600, 610, 646611.
· 11161116(161161116), 188.

ωωωωωω ³

- 86636116, 11, 61, 261, 202, 211.

,,

16166, insuia-iii:
166, 16 1666616, w.

. 13661666, 618.

116166, vide 161166. ,- Ι .

1666, oppii. 16 166616 1116161166, 801.

16616 1116666166 6666116, 666. ·

111616 066166616116, 400.

16616 0116616111, 6, 16, 166, 612, 601, 606,

, 601, 618, 614, 610, 681, 6006001118, 010,
611, 612, 616, 640666, 610016601661, 666,
wmmffiffiwmfflfflm
mmmmmmmm

, 166166 161 16616 (16 genere), 486408, 600,

620

² ¹ 111111161116116.1.,066,616,66 661,

661, 610, 610. ’
166616116166061166166 8. 161626,

χωω

16616161661(111661616616111),8860161611, 010,

, 261,204.

ingolstadiensis 6666611116, 060.

’ 1666616611 (066166661228, 218.
, 11166166,111661.1116. ’

161661, 688.

1666116, 861, 642, 646.

161616, Vide. 11161116. ι

11616, 100, 101, 204.

116116, 0, 10, 11, 10, 18, 81, 40,14,10,60, 116,

⁸ 116,140,110,110,201,216,261,·010,211,
ΜΜΜΜΜΜΜ

1161166 Provincia 8. 1., 6, 6, 61, iii. ,

BJ'

16666166(611161666166), 126. , ,
1666111,8611611,161661661,1161666,01·. · ’“”

1ᾋΜ6666,
.

,mmm
mmmm‚ffiQ i“

66

166661, 866611, tempium, 06111661, 608,’

 

