mm oxouAsucus PBRSONARUM

8888448, Ρ88188, 1448888818 11148.
888188888881811888488,144808888888.
8888,1888848888,818.

88888888488, 48188188, 0884188448, 111.

88888888188,18844888488 1418888818), 88·
4888418888 Ρ8188888, 844.

88818 0888, 118.,41884888 1888888, 0888-
44 1 8881848, 88844888, 448.

88818 0888, 0888188 48, 888.

888188888, Ρ., 1888888114 Ρ88848848418
488888488 888188, 818.

888188888, Ρ. 1888888, 8888884188 Ρ.
&mom 8888808818 448188, 401, 451,
mmmm

888188888, Ρ. 1888888 48, 481, 481.

888188888, Ρ. 118814888 48,(188188884888·
848 08148811 8..1. 1188188, 404.

888188888, Ρ. Ρ81888 48411.

888184888, 088888 48, 104, 844.

8881888488, Ρ. 8848818188, 811, w, m, 888,

8881188888, Ρ. 1888888 48814, 484, 481, 48,
mmmmffimmmm

88888884 888 8888884888, 1888888 41488841,
0884188148, 88, 88, 111.

8888818818 48 41884888, 448848, 141 41884888
48 88888, 448.

888818, 4 11888848 48, 1148 41818 48 088188
81Ρ8818881.

8888818888, Hieronymum, 48.

88844, 48844884488, 0884488418, 118.

88814, Hieronymus, 1488888818 48881881·
888888, 118888488Ρ884888188, 144, 148,

88844,114881888,114,118, 448.

88811, 8188188888, 418, 148.

88844, 1488881488, 118.

88841,1888888 48, 188881184 (188888818-
818 18888188888, 48.

8888888848, Hieronymus, 12.

88881188,18888488,841.

88888888888, 44848888 441 von, colo·
8488848 48881884888888, 810, 884 884, 881,

88888888888, 48188188 von, 08188488818
4888188188888811444-4448), 888.

88848884, Ρ. 1888848888, 40, 48, 418, 1114

8418188141,ΡΙ 1888888, 84, m, 848, 840, 841,
888, 858 ,

echonomus (81488 8888188188), Ρ. 181888,
11848.

8818888184, Ρ. 8888881188, 111.

8888111, 4848888 , 480.

88888418, 4848νί888, 840.

8848888488, Ρ. 1814884888, 81, w.

8888818488, 1488881888, 844, 881, 841.

881818, como 88 4888, Legata· 18841·
88844, 4188888888 118818, 48 11888, 81.

759

884818, Mag. 1888818888,1148 888488.
8888488488, 181888, 1448 88888488188. ’
8888811 8888, ung.. 48), 181.

segobricam· 4184888888, 1448 18188 48
88848.

8888488, 1888888, 08818188844188881484·
888888,1848881481488848888881088448-
188811

8888, 4818848848, 0. Ρ., 818, 448.

88888848 48881881888888, 1448 44884484.

88888818 0888888188, 1448 181848.

8884888888848 Ρ8888118848 Domus 8. 4.
1188188, 1448 148818888818.-14. Domo·
8888, Ρ. 4181888.

888848188888888), Ρ. 148888488484, 481,

888888, Ρ. 1488888188, 441, 481.

8888481881, 4888888488, florentissuma·
18 Urbe, 100. ·
88888, 441 Dux 481448 4188888488 48 048-

4888,(18844884888.

-84 88 8888, 1148 8888848818 48 41884888.

8884118888, Ρ. Ρ81888, 1181888888848 084·
18844 8. J. 1188188, 481, 488.

8 8488848848,08848888881111818888448888,

81814488 Ρ88888,1848 418188-14. 0818888,
4188888 Antonium-16. 1888-14. Guz-
8888, 418881888 48.

84841488 4188188, 8888 8888184 11, 1148
0888188148.

81844488 4188188, 8888 11881181, 1148 818818.

81811188 1188, 1448 448884888 11,-14. 118-
8884881.-18.88844888488 44. · 14. 4188-
14888.

singen, 48881488 von, 884.

8181888848848μ8188 41, Ρ84881881188,
848, 815, 840.

84888888181888888848, 0. 8. Hier„

8188881888884888888, 1448 8888888 48

41888848 812888818-14. 1888888, 41888-

818888. ·

84188, 1448 sym.

84488488, 448888888 48, 114.

84188188 184188 88188188), Ρ. 48844884888
48, mys-iponem 188188888888 Domus
8. 1. praepositus, 441, w. 414414, 408,
840, 808, 804, 441.

844888848 884888881448088848,11188888-
8888-18. 418148.

81888888 4188, 14481888811488-18888.

81884888888, 44, 848.

818188 88888818, 818.

888888,.1888888,0. 8. 4888, 08818884888-
818 1484888888, 484.

888888 d' 4888848 8888888 48 Ρ48188 8881,
48388188, 444484484.

 

