m

1111511115 91115551, 11150115111.

1111511115 Recine, vide 1111115515 1..-11
151111.

1111511115 Rex, Vide ferdinandus V. -
11.1>111115511 1.-11. 0115111 91115511
151-11. 9111115511 11.

115511, Ρ. 5111111511, 91, ele.

Honorius 11 Ρο1111.,55.

11511, (1511111111 (ie, 518.

11555511111151,0511111111 de, 915 191.

115111111111101111), 5111111111, 111111151-
111 55115551151011111.,51,115,519.

11511511111515115111115), 5111111111, 55.

flend, 111311511115511511151111 15115·
11155 superintendens, 115, 155, 255251.

1111511115 Regin, 51151111 11, uxor, Vide
iierie.

11111155 de 11111511, Androne, 11 11115115
111 015515, 55111115 115151, 511.

1111111511 11111515, 111111151111111 11
(15115111 1111115, 555111 1111 115 1111151-
1111, 111551115 i’rorex, w, 581, 889, 590,
5555511155-151, 151.

Bne, 1511151, 919, eni, 151, 251.

1111151, 511111111151,1151151151111 1151·
155511 (iw- 1555), κθ.

1

1511111111. 1511151511.
111115115151111, 1151 55111115 limere-
gnee, 11115 111151151111,1111ο151115.
115115 Ρ15151,11115 111111151111, 151111
111-1111111115.

111115 Vieeprnvineieiie 5. 1., Vide Dine,
1³. 5111111111.

1111111115, domne 151 innui· 1115111151,

115515111151111 1511511111 5155111551
dene, Vide 111111.

1115551511 li Pontii, 55.

1115151511 111 Pontii, 11111.

inquieiter (151511111 1111511155, Vide 1111·

1151111151 1151515111 11 Lneiienie, 111111

1151115111.

1

11555110. 1.,1151111511 neminie 111111-
511111 1511511515151511515135.

11555111, Oenei 511, 519515.
1155111111, center, 5515111151111551155·

pne, 51.

iiim onoiinsrlcus nasonem

11116, 5115551155

1111111,.1511111,91)

1111151111, 538.

111115, i’. 1111111150.

111151 (15111111), 5. 5111511511, 115115
5115551511 Ρτον11511111,599, 55555,
ffifflfflmmmmffimm
191.

1551111151.

Jeremiee proph.. fioe.

15111. 1111111151, 9111115115.

1515111111,1155,’151.

151111, 1111511111615511111111555 Phi·
115511151111111111, 11, 519, 591, 591599,
iim-⁴05, 151, 125, imni, 151, 155115, 111-
ffifflfflfflmfflfflmm
mmmmfflffi

151111, 1111511115 1155111, 011511 V 111·
1511115509, 511, 515519.

151115, lidulphus. 9, 510, 515, 555

1511151, bohemus, 55.

1511151, 51,, 1111111111, 181.

1511151, 0511511 Rex, 551, 555.

1511151, Penii 15511115115111111,115.

15111111111111115111115151, 1511111 111
11111111.

1511115 evangel.. 5511111, 558, 551, w,

1511151 ii, 5511151111151151, 5111, 551, 511.

1511111 111, Poringeiiiee Rex, 5, 1, 55, 59,
1511511551, 555551, 558, 515, 515585-
559, 511, 515515, 511, 515, 528521, wi, 551,
555, 515511, 555, 551, 551, 555, 510 519, 511,
ffssfflffiffiffiffifflm

1

1511111 1111511511, 1111515111, 515.

15511115151 Peior, Burgundiee 1111, 12

151), mio, 51.

15111 11 115111, (151511, 5555511551111551·
155511, 519, w, 155.

15111, 1155511, cancella-ine regine, 51,
151511.

Jordan, P. 1511151, iffi, 595, w, 155, 151.

Jeme 1111511111), i’. 1111511, 519, 555

15115, 51.

1151,111511115,195,195.

111151, Ρ. 1511151, 1111511151.

1151, 51. 1511151, 0. 5. 111, 0511111-
1151115 1151155511, 11111 051111111151111,
5111115111111 55115551 0511111151, affl,

11111151111 comen, Vide (1111111111 V.

111111 111 Pontii, 5,1, 9, 1511111115-
1551, 55,59,15,11,55,15,19,15, 111, 159,
mmmmeQffiQ
QQQQQQQQQ

1111115511111111 1151155511, 1115515111.

11151111111515111),Ρ.151151111,215.1

 

