mm Gssoemfflcus

.144414414(41144144414444, 1444144441, 481,
484, 544.

1444441114, 418, 411, 481, 58, 548, 544.

2444,144414,11(1.

14444 44 14 84441444 (4414 844141, 4184184

1444441114, 1144814444411444.

1441 1444144), 81.

1444414, 844411 ,1444144,44444 444411·
1144444815. - - ν.

,1444414 844114144, 844411, 14441444, 144·
11444, 181.

1441114, 881. ·

144114444114, 1144 (1444 4141414.

84514448444444114188.
11414 (84144141818Ι 218, 881, mm.

' L

1441144144, 1444441444 (444144 14 144414

8444144111, 115, 111, 121, 124.

’ 14444441(1.444141441441,811.

144444111844411,14444144,(14144144,818,

1.44444111,844411,1444144, 8144441144,

14488ῗῖ11,844411,1444144, 1144444111

1444414444 (1411441448..1.,18, 42, 11,
4441, 4144 ’

1444414444 14441448.11441414,1144
114414481,1444144,1.444411
14444144, 1144 144414.

14114114, 411.

Lemo, rognum, 814.
14144148444141, 881, 814. Ι
1444144444 8411411141 44 8. 1., 811.
1441144, 1144 14444.

144141118.

144144 (1144441, 818.

144444, 144414, m„
11444(1.444144),818, 281, 811.
414444411441144444. .

11114 (14441441, 88188814, 88.

111154444114411444444.

14144444441441444441488.
1144411, 818. >

114414, 1144 Leipzig.

1441144 (81144144011441141, 8, 558, 582, ὅθι
mmmmm, 444 ,44441414

171

,mo 818, 814, 11881888, 811, 811 ,814,
881,841, 811, 118. Ι
1411444414, 815.

’ 1444414, 848.

1144444814444441, 81. .

1144444, 485 ’ “

1444414444144414, 111.

144444 (14441444), 818 818, 481.

1444454444,81,188., ’

14444, 581. ’

144414 (14444144),Ι 441148, 48, 881482, ·
181, 118 118. ’ '

1411414414, 541.

1444414 (1444414441, 8, 84, mm, 888·Ι
8181411818, 818, 811, 451.

1444414444 Collegium 8.1.,88,281,88,
88, 81811. '

’ 1444414411441444414

144144,8444144,1444144 8. J. ,,84444144

, 18181. “
’ Lugdunum, 1144 1144 Ι
3 4444,44441,444444,4141441,44,444;
1441, 844411, 1444144, 84414114, 881. , ’

144114414,1144 Furtumne.
1414114 8441414444, 1144 84414.

1444 (1444444441111828, 441. “
,Μ “

1441444414. 18, 81.’

1144444, 1144 1144444414.

1144414 (144141144,1144144 844441444-
4441. 48, 88418188, 518, 581, 511·

11444144144, 518. .

1144444 Congum (114414444441,1144
consum.

114144144,144414,118814,881,81,188.

1141444,444144414, 118. ’

1141444, 4411444144, 8, 881, aem), 118111

. 118118121124181. .

14414444414114444 8. J. 14 4414181,

’ 1141444 (1141444, 14 1114444141418. Ι ’

114141444,1444144,841., , .
1144144114, 4444414 84441114,821 ’ ,
11441444 (1444144) 81, 188. ' ,
1144144 (1444414444444, 1144 1144414.
1144144 B 1. 1444144, (144444 118, 1111
11441448 1.,14441414, 1444411,18, 11,
’8,18- 81, 88, 8181, 118
1444144,Β.1.,4814414,1444144114-
'mvn'
1144144, Β 1. ,4414141414 1444144, 14
84414 844444 88.
1444144,8.1.,4411’4444,1444144,1154·
44,55.

 

