‘766

44444414, 614, 611, 661, 461, 616.

Armeniae Provincia 6. 1., 5, 656, 661, 666,
466, m, 551. r

4444414, 6, iio. 146,156-156.

1144441144 614444414664.

4144411444 (1464414144, 166,166, 166,
146,154,151.

Argentoratum, 11164 6144441444.

4411414 (41114 4444144, 614444), 661, m

4444414, 1164044441.

,44441441164441414

41144414, Vide 41141414.

444411 (44441441, 61.

4414114414, 1116414444 64 14 64441444.

441441444, antiquum Eiopnn. rognum,

44444144 (1.4), 4114414444114114144441,
616, 66661.

4444644ς(4444414 114641144444), 664,
666, 641, 616615, 641, 60, noo-235, 666,
661, 666, 664, 665, 661, 616, 61665, 661.

numinianum 44444141144, Immo·

' modinum,uatrin,481.

ignotinionnrum 44444144144, 6144444-
44 141 644444444 614144, 14 61444441
0444441, 611.

44444641444444 monasterium, 641444·
11444, 411.

44444641444444 (canonio. regul.) 644411
644414111161414444,444441411446. 44·
444,644414444, 666. ’

Anno, 656.

4441414, 6, 44, 664, 615, 615, 616, 655.

444141414144141,646.

44144414, 1164 41144414.

4441441164411.

414414, vido Avignon. ,

41441444444641144144 6. 1., 646, 656, 654,

4114444 (414414), 6, 11, 646661, 616, 651,
:iffi ffinini, 6, 410, 46446, 144, 545, 661.
4444141466 ·

-16411114144414, 551.

mmffimwffi

64411444 1144114414 S. 1., 5, 6, 411, 461, 164,
465, 566, 566, 561.

64644444046441444 6. 1., 545, nio

64441164 Pogon.

,641114 (41144 6. 64114644,14164114644), 44-
(141644411144, 6, 616, 616, 666, 661, 666666,
661, 661, 666.

niniix GEOGRAPHICUS

1141441444 (6444144441 , 6, 615, 6111, mm.

flffiffim collegium 6. 1., 616, 611611,
661, 666, mi.

6444144444414 44464414, 666.

Barcinonensis 0441141144, 615.

6444444441, 4141444 rognum, 4444141441

Tigre, m

64444, Vide 6444144.

6441114414, 616.

6444444, 6, 164, 165, lm, m

11444444, 656, 656.

64114414, pugno ln 14614 , 651.

64114414, 4411414 144414 6411441, toi.

6414114, 661616, 665,656.

6414444, 466.

6444141 collegium 6. 1., 656.

liminum, 6611466666, m

6444444446-1616444(64444414), w, w,
646, 641.

6446144144 monasterinm, 1414441, 611.

BOJR. 5814

6414144444, 546.

nogium, 6. 66, 41, 165, 661, 661,6ω,611, 616,
1116616556

64144414, 456.

64446141144444 monasterinm 61411441-
414 4444464144, mmmmm· 6141444,
64444 ,6.

64446141144444 monasterium, in oppido
Lo Collo, 6.

64446141144444 monasterinm, 641144444-
141614144, 14 ipso 1144444441 (114414
6441414), 616, 461.

6444414, 661.

64414414, 166.

64444461, 644411, monasterinm, 1144141141·
444, 561.

64444161, 644411, 4444414444, propo
6114144444556, 566.

6416141444, 6441444 4441444 (14,144·
41444 6. 1., 644414444, 661.

611444, 6, 661, 616, 666, 666.

6164444414 collegium 6. 1., 46, 611, w,

61161114, Vitio eoioinyud.

611144 (61114444, 6111144441, 661, 666,
666, 666, 611646, 646.

6111444444 Collegium 6. 1., 6, 611, 166666,
661, 666.

64114414,11,66, 61, 666, 616, 646, 650, 656,
656, 656, 660.

641441, 14 61444. Senon.. 665.

6414444 (6444414),6, 15, 66, 111, 116161.
165,166,561.

6444414444 collegium 6. 1. , 166, 166, 166.

64464441 (6446144141616, 166.

6441 (6416466441, 616

 

