1111111 111111111111 575

Qfflffifflmfflffimm
811111111111181111111118 J m · ,
8111111, 118.
8111111511(81118·811111),188.
81111111111181811111111. A . .
811111811111 8111111118. 1., 418418,
418, 418, 4811481..
811111111111181111111118. 8181111118,
comio 71111 11111111, 518.
81111111111111 1111111111, 88, 418 411, 118
81111111, 11 81111111, vido 81111.
811 8111111111, 11 0111111818.
8118111, 11111811111111111, 8
8111111111 1111111411. .'
811 1111111811 1111111111, 1111 8111111·
11111111111111111
81181111111,11111811111,
811815111111,11518111111.,484, , ·
1111 8111111181
8111111111,1111111,11111 1411111111.
1111 11111111, 11 81111111, 8,818, Μ, Μ,
881,Μ, 884.
8111111111 (8111111111), 111111, 115, 118,
81111101111111111111111111111,11111181·

8111118111111111 (111 81111111 collegium
8181888881. ,

81111111111111181111111118. 1.,11811
11111, 818810, 811818.

811111 8111111111 8111111, 11 81111111, 818,
mmffiffl

8111111111111111111111 1111111111, Uluti
11111848.

81111111111111111, 111111, 848.

81111111111111, 111111, 815.

81111111 de 8111111111, 8, 484, 481, 485,

. 581, 588, 511, 511,581,518,118,581, 58,
ωψωκωηπ..

81111, 118.

8111111(1111181111111,18, ⁴

. . 8111111, 8, 18, 81, 41, 48, m. 170, 185, 188, 1841

8181118, 818, 814 815, 588. v ,
811111111111111118. 1., 5, 1111811188.

, ; 81111181111, 81111181, 181518.

811111 1411111, 111111111111 11111111, 811ι

signem 1811111111, 81111111,811111111,
81111111118181111111. . .
8111181118111111111 8.1.,155 . . '
811111111181111111111111, 8, 888, 418, 411,·’
481. 488, 481, 481481, 458, 454, 481, 488,ι
488, 1885811118, 848, 548, 548, 558.
8111118,111,1,181.11

. 8111111118111111111, 8888, 811, 818, 881.
; 811111, 11.

81111188, 818.

81111111, 111111, Μ, 881.. ·

.· 8111118111188. ›
81111118111118111111, 11 81111111, -881,

spoletana 1111111111, 88, 85.
8111111111,
811111111118111,1111111111, 1111111, 18
81111111, 815.

81111111, 11 mmm

etrmburg (Argentoratum), 851,
8111111111, 188. ’
811111118111111111), 815, 881.
8111118111.

811111181-
8111111111111181111111

syracusanum 8111111118.1.,811, 88),
8111811111,111111111111,811111,111,

488, 5111118118, 518, 581, 188, 541. .

sauuage 11 81111181118111111111111),

81181111, 814.

81111111111111111111111111) 8111111111

8111111, 841.

8111111, 818.

8111118111, a

1111111111, 1118.

81111111, 81111111, virle 81111111.

secoviensis 1111111111, 418.

murinam.

81111111181111. ,

septimum, 11181 81111111.

septimanus Ρ1ο111111111 11111118. 1.,
mmmm&

8111111(1111111111,8, w. 418418, 418, 48),
488418, 488, 481488, 48848188, Μ, 581,

.’ ’1111 111Ι 11111, 11111 11 1111118188.

111111, 8, 854, 888, 88.

‚· 11111111111111),88.

1111111111. 818.
1111111111111111), 458.
Templum 11111111, 81111111, Μ, 848.

. Ι1’11111ι1,111111,1ί8188.
· 'rem 811111, 11118111111111.

111111,1’111111(11111111118818.

11111111 11111811111111, 88.

1111111111111, 811111,
’1111 81111111, 885, Μ.

1111111111,1111· ¹

 

