Μ

1414, 4414144111, 114.

141111114, Ρ. 1141414141414,454.

1414 111.,1411414, 151.

14141444, Ρ. 1144114411, 1114, ὤῖ.

141141, 144114, 194444.

141144, 1144111151.

141141, 11. 14111141114111414311.

1411414, 111411414414.

141141114114111114 14, neapolitanus
114141, 119, 180.

1411444, 0411114114, m 11414 0441441441 11·
4414, 1414 (14114141 14 1441414.

14111444, Ρ. 011144441411414, 1144441144-
1104114411 fl. J. 1444441,119, 174119.

1411414111414414 14, 1111441414 1141-
444414 44 0411114114, 141, 141.

11411414, 144144414,0444411111441 114444-
114411 Praefectus, 41, 111, 911414.

1411444 44 14 04114, 1144, 1111444414
144411, w.

14141141 44 Palm, 14144111114, 490.

11414444, 1111111441414, 0. 1.,144.

11414444,(14414144,144, 141.

1414444, Ρ. 1441141449.

141411141 (14141114444), Ρ. 1114141114.
Ρ4114411041144114. 1. 1144441, 41-41, 40,
712 Ἠ·

14141114, 1441144 1111444, 0411114114,
1444414141111411441444441, 194.

14444144414 Δ141144144441 44 0411114114
11441144, vide 114414114.

14144441411411441444444, 11114 14144·
1141411444 Anum-la. 1411414114.
-11, 041141444 14 8414141.

14444144414 04144111. J. 1144441, Vide
0441144, Ρ. Annibal 14.-114. 114411.

14444441444 444144444 041441, Vide 11·
4414114.

144141141414041144114. J. 1144441, 11114
8111111414.

1141441, 11., 041114441144 114411414114,

1441441, 1441141109.

11414, 1444114 141114, 911 .

111444, Ρ. Emmanuel, 194.

1114141, 1141411414, Vide zuuigu 44 So·
4414441, 1411144414.

1114141, 11 1411141444 14, 1114 1111144
141141 44 444414441, 11411414.

1114444, 14141414, m.

111414144 (1114144111),11411414414,404.

111141114114141441414, 11144 14 84114,
149141.

11141144414 Episcopus, 11114 11114114.

111141,Ρ.1)114444, 141444411144 Ρ144444.
Provinciam, 444444 14141414104114411
4.1.1444441,5,1,40,919,444,414,519,
mmmmmmew

mnu ouomsulcus Pnusouukmu

1411490, Ι1994041414, 414411, 411, 419, 411,
14144444, Ρ111444414, 11114 04414.
1141144, Ρ. 11141444 14, 444.

1141441 Ρ144144444,110.

141141 1141,110.

14114111441141, 100.

1414111141 11411411), 11441114 14, 01114-
144141444411141441 114444, 414.

14111141114144 (41144 sommium), 114·
114144, 111.

144144 44 114414, 11444111, 0411141444 14
0144444, 11 0411141444 44 1141414441, 441,
498, 511. ·

1141441414 , 1114414114, 1144141441 41 1414-
1144 114414, m

114444,1441144 1144414411 14, 194.

1414414414, Dux 14, 11114Ρ141444111.

14144144, 111 041144 14, 11141441414 44

-1144 1141, 11141114144144 1414444.

141444, 1141141144 14, 440.

14141414, 0411111114 14141414144.

141414 14444114 1141144144414, 11114 ve·
1414 4414414-111411444.

1141414 11444114 04114441 S. J . 1144441, vide
04144, Ρ. 8414144.

141414 11444114 (1414114441, 1941119411.

141414 114441144444444444 1141444444,

11114 1411444414.
14441414144,114144414414, 04144 14

montigny, ’1411441 (1414144441, 1110·

141441114,04144, Vide 0414114.

1141444141 1441144 14, 141144411 04114·
gu Β. 1. 44441114441414. 90, 41.

14414114 0411414, 945.

11414144, Ρ. 1411141441, 199, 400, 414.

1414144, 4414114444 14, 494.

11414414,1)114444,1’114 14114144.

1141411 'ron-y, 141411444, 514.

1141411114, 11144144, 440, 414441.

144114144 (11 441144 11414144), 01144114 14,
101.

1141414, 1441144 44441444, 0411114114.
144444114441144414411 (1411144118, 10,
14, 41, 44, 40, 44, 94, 90, 101, 104115, 144,
21424441. ’

141444111441 1141411414), Ρ. 14411111.
11444144,14114441 11144411, Augustinus,
141141144414 114414 44414441144, 41, 111.
11444444, 11144114 14, 141414441414 upi-

4444441111.

1144144414, 111. 1444444 14,04111411444·
1144, 419441, 141, 444.

114441, Augustinus 14, 11114 1444114.

114441414441141444444, 11114 1441114.

11411411, 1444414414, 11114 141411.

 

