114

mmmwmm

94111144111141111141, 4994442469.

911111111111 Collegium 6. 1., 41 Hispu-
· 141, 452, 465. 464, 49, 440, lul-m, 479⁴
464,564,59,544.

9111111411941111441), 41 91111141, 6, 410,
149,111,111·111,111111,·111,111111,191,
59, 540, 542545. ’

9144111411, 499, 246. ⁰

9141141, 6, 44, 9, 94, 149, 444, 249, 259, 244,
9111111141, ὅθ.
91141911111,650. ·

11111 111111111111

'⁴' 9111111111(9“144111111),44,11,211. ἶ
ξ 91411, 111411. 41 1111141141 Pax Augustum
(91111) 11), 49.

91141141, 469, 464.

1ωωωω9

Ilium& 640642, 944.

91111111411, 549.

91111, 541, 4944, 24·,24 2950, 5254, 56,
6199941449961999462,
969, 404 409 105, 446446, 44912649
'lm-lm, 446, 444, 450, 456. 454, 454, 46],

1 119111,1”5111419,119,191191191,911,

244, 242, 246, 246·,290 299, 924, 2646461,

1111111111111111 1111111,1,111,111. 119,111-111,111,111,111111,111,111111,

664669.

9114111941 111 111441141, 66, 40,442,966, '.
mmmmmffiw,wffiffl.

566, 546, 544, 59, 599561, 599, 594546,
614, m. 604, 609, 644, 645, 6146214626,
692, 699, 642, 649, 90, 92, 659, 662, 664,
Qmffifflwfflfflwm

91141119119111411416.1.,5,4,94,529,
594, 556, 599. ’

911411611114 41111411, 41 91114141, 695·

Puulu· Timon, 111 91141941111(11441 91·
1114111111, 9141441111),419,144.

91111111(91411441, 444. ’

ΡΜ (fflwv 8²2 4⁰· ²242 m, ml ²33» ml
29241, 249, 246260, 215. ·

prugum collegium 9. 1., 94, 224, 296, 240,
241, 244254, 259, 255, 96, 256260, 296, 29.

9111111141 4111111141, 254 ,252 255.

91141, 404.

914111, 456.

9111411410191111111), 91, 955, 95996

911141 29, 91, 249

9111541141 4411411111, 452.

9111 campulo, 4111111, 415.

9141111411, 444.

9141141111 114 9111141111 (9111191114),
411111, 442.

9111911111, 11441 9114194111.

91141141, 694.

9141114, 44111 91111141.

1111111111111.

R

9144141111, 44111 9111111111.
9111111, 64.

91141, 45.

91111144 (9114114111), 64.
911111411141 portus, 44, 91.
9114114111,114(4191111141· ‚ ·

*266299102192149162669499

ΜΜΜΜΜωωψωω
Qmwwmfflmmssm
wmfflfflfflmfflmm
mmmmmfflffimm·
ffimfflmffimmwffi

· ffiQQO
Ι 9111111144141 91111141.

91111111 4111111141, 11911111119141, 29.

· 9111111 911411111111 Dumna 6. 1., 16, 491
· 91111141 (111 1114141111414114111, 111 .

119111111419.

· 911111161411111116.1’.,611111141111-
· · 14141115,9,1621,29649,9964046

49, 261,.246,264
91111116114114111 6.1., 9111111111 dl·-
1411115916, 1421, 26, 961, 9449944, 16,.
999999999

«ιωωῶωω
. 91111990.
, 1114116111 montodanum), 295.

91141111,1111114114111 9. 1111141 91144·-
1411 du, vulgo 14114111 1194344111 (lu

. ,41141 6119111411), 9111111490.

9111411111141 (9111444111) 011144141194511

61511111, 466. -

6111111111 91411114 (111141101111,
1414144449.

91111, vido 64111.

61111411, 441416411411111.1

6141441114641111911411, 949.

· 6141441411, 949.

&lul-Genuum, 99, 92966.

61414941111 1114114411, 94, m.
9141491111141, 999.
614141·911111(11),956.

6111111111 (1111111111),1,61,111, 440444,

 

