11me 41414411884484844414411

1444444144181814818.

1414414444141141444444, 11184 8444444 84
1444484418444414.

141441444414 844444, 11184114441411.

1414444 8444144144, vido 1144484.

141444114, 8444444, 188, 148.

14144484(444 14144484), 114. 841444 84,

1444411444 4444144844444, 11184 114444·
414, 1444444 4484444.-18.1.444444144.

144444 1114444444), Ρ. 011444144, 14444·
1441 8411414118 1. 1144144. 18, 11, 48, 88,
ηῆῃπηῆηωκ

144414, 84. 1144444114 (11144, 448 4444, 84-
444441441,0. 1., 488.

144844444418-814444444144, 1444444 84,
4444414441444141141444444, 81.

14441444 84 (1444444, 814444444, 1444414
(114484 84 8444444, IX 84441114 84 1114-
414, 81144, 585.

14441444 84 4444, 8444414444, 44144444

444144414, 444144 84144411444414 841-
444444, 858.

, 1441444 8448144114, 11848444444, 1144·

44144.

144441 (14 14414 14444411, 115.

144441, Ρ. 1444444, 418.

1444484411 Dux, 11184 01484444 4184-
44444.

14444114411 844111, 81848444141, 1144-
441144.

144444, Ρ. 44144144, 481.

144444 (14444144414), ’1444444818

14444, 84444441444410. 8. 8444, 114-
44144414 4444441448 44444,891-891,488,
899, 488481.

1144444, 14144144, 8. 1., 498.

144444, (144444 44 4444, 8444144 84481·
44481, 8444444444 84414, 14 Urbe,

1144444 84444, 8444144, 'm

114414, 4441144 1144144, 88, 318, 818

14414, 84141184444441414,8444118 44444,
w, 811, 814, 818.

14414, 84444144 1144144, 1444411144111
4444, 844411 V 8114, 289, 1881811

14414, 1114444144 141444, 84111441 18114,

14414,1.4844141141144444144844144444,
44444 caroli 1144444141.

114414, 844144411144 141444, 444144 844-
4444414 84144444, 8118.

414414, 81411144 114414, 1441141, 4444, m

1441414, 1444444, 188.

1444141,1.44444844,1.44814444141141444444,
44441411444 1144414414 111444414,818,
481, 819, 418, 498, 481.

1441444,144.,818.

751

14444144, 9414448441.

14414111, 8444144, 849, 188.

1441411141, 144444. , 81. ,

1144111, 8444414444, 88, 89.

1441144444, Hieronymus, 44441411444
114441444448144444414444 84441444 v,
44, 444.

14411444, P. 1141444, 44 444184 11144144·
444, 818.

14411444, 8. 841444, 44 444184 114444,Ἰ

14411444 84114444, 44144 811144418111-
4444), 1444444, Toletano· 44441441444·
mmffiffi

1441144, Ρ. 14441144, 881, wo.

14411444,144144, 11441444 81411141, ooo·
iux (18941, 811, 815. “

14411444, Bartholomaeus 84144, 0. 8., 844-
44444414 44441441444444, 881.

1144441414, 1.. 84, comeo, 841.

14444444444, 81444444 84, 148144 84444414
4444, 888.

14444444444, 841444, 148144 8444448111.
8119, 848, 848881, 811, 888, 881, 818, (mm,
&mmmmm

41414, 4.,144.

141144444, 1444144 114414 4414144144 48
8444444144,844144411144 1144444, w.

1141144444 84444 , 8444144, m, 819.

144444441, 44844411, loe.

144141114444 1, (1444444144 1444444144,
8444444444 844, 848, 584, 848.

144141114444 11, 84444144 844, 2¹29, w,
mmmmmmm

-11144 4444, 11184 114414.

14444, 4.,111.

114444, 4144144844, 855.

1444, 4484444 44118.

1444444 841444444, 11184144441414.

1484444,14444441144444444444, 889, 881.

1481414, 8444444 184, 8144441144 844, 94,
81, 188, 104.

1481414,1111444414 84, 988.

11481414, 1444444 4444144 84, 844441444
44441441444444, 94.

148144 8184414, 81114484, 11184 8444444
41 84444.

-11144 4444, Vide 444444 41 (144444.

148144 4184414, vll 1144848184 84444 84
11444444 41 84444.

1414444144, Philippus, 855.

4141114, comos 84, Vide 8441484 8414484-
44.-18. Gonu 84 81144.

14114, 1444444 84, 1111444414 841444444,
4444441144 414444144414 1141444444 81·
amp π, wl-

14114, 14411444 414444444 84, 814411414-
444 9444144144, 881.

 

