756

2114042441144114, 21114 1414114.

21441 (2011100104), 24111044, 2144441414
ωο144144411101414144104,ζ2, fl.

2104 11 201111.,212.

2104 2 204111.,2410104.14,41,12, 411.

2140411101 collegi! 2..1.1100404,21114 21-
11444444.

2144401101 20140001 21041104, 2144 Am.

2144042004 2014000114, 2144 vum 041-
4414144 14401414 Vm 41 01140114.
·14. 04144141, 1040144114.

21444, 2. 1041144 do 14, 521, 512, w.

2111104, 04104, 440101, 211, ω.

21011114, 212411.

201441,00110001001 114221.

2014000, 2. 1040144 4101100404 114, 512,
12, 11, 11-12, 21, 22, 11, 22, 22-21, m,
⁴⁰, 44, 4111, 14, 11, 15, 11,42,12, w,
112114, 111, 111. 121, 121, 114, 111, lm,
111, 121, 124, lm, 124-191, 2412, 2411, 215,
211, 221. 224. 211, 222, 2415, 221212, 241-
mmmmmmmmm
212212.282.2ἱὸ.2911”12219961 m, 299·
ml, 211, m, 212, 214, 211, 212, 222215,
QOmQffiQO
401442, 412, 212, 412421, 422, 421, 42,
mmmffiwmmfflffi
4111221411, 421, 4241, 421,112,511, 5412,
mmmmmmeffl
1411,511511,112,5141,112,515-511,121,
mffimmffiffimffiffl
1141, 111, 111, 111.

2014 (20104), 2441041104, cummanum
1041144 11 Urbe. 21, ml. 211, 155.

2011101004, mg. 1011444104, 121, 122.

2011101004, Mag. 4044104, 1411202212.

2011101004, 2401012412. ·

20101144 Rex, Vlde 8401410001οι.

20104 de 1400, 241111οι1404 425.

20014004, 2, 21401141114, 21114 1100001.

2001410144 domus 2144140114, 21110 colo·
14110.

20114140140414 Episcopus. 21114 1144.

20111110, 2. Hieronymus 114, Vide 11011 del
20111110.

2011011411144 101404, 21114 Elisabeth-la.
104001004-11. 144114.

201100411144 Princeps, 21114 loannem-1&
1140110114.

2011οε4111441140104, 21114 21400014, Em·
manuelis... 0101.-10 21400014,.1040·
114 utnon-la. 2411141104 ab 1041110.

201100411144 Rex, 21114 2011040141.-11.
104100411.-14. 1040044111.-111. 24·
110411.

20444νί10, 2. Antonius, 21, 212.

2044101, P. 241104152.

204141 (2041411114), (1011410104, 222

111οΠ 0120128Τ1Ε118 ramosum

minin, 11411441, 9).

2040, 241144 141, 4411411.

2040(2414041,2.41411141441,211

20440 (241444), 1400114 114124114141421·
011401400011 41 eumin„ (1411144114 24·
1404 1110114, 21, a, m

21111440, 2. laun, 4141114οὺ 0011ς11
2. J. 1140101, 41111

21411444, 2. 2411114851.

1114441414, Hieronymus, a&

Pamin 4044411144 superintendens,
214421114041444.

214441414 mittin 4411114114101, 21114
21441.

214111, 0410144, 211.

2141. Guilelmus 40,014141100141104 201-
31:32 Μ49ῗ91ῧ4ω1ῃ mm

1141, 1. smne· 1111144 11, 11, 100111,
12.221241·2ὓ.351218.251.22

214144 114 1100411104, 211010421014111011
11441104,110,111

2114011441011100144444, 21114 Forum&
114 01111014

-21ω 40101, 210420110οα,11414414.

1101404114014411111110111, negt· 11·
11114410 111144, Vide 2404, (1410114404
1414.

2104400110οι, 2. 4104104202.

210410014114 &minimorum 111 cutam,
411.

210110014114214000411042. 1., 414000144,
2114 2411444 (111444) 5114411044, 21114
101144. - 44. 2041414114. = 214411144,
21114 11011144 εο44141144, Vide 21404.
1141011144,2114141141-111. 110141, 2.
helmon-m 011114.;141114(ο1ιη
11011410, ’11111141 Neapolim), 2110 Lay-
144ε20000411144,2114 2011141144, 2.
Simone 411. 141100-11. 201144-τ2101-
1144, 21114 2011414011.

2041104141144 Puella, 21141144), 2. Did·-
014, affl.

2011101004, vide 2011101004.

21111004, 1141011104, 142, 151.

2014114, 2. Gabriel, 21142040.

201404, 1400104, 0411104114 201004 di·
0104, 2114 20440 (201404).

20141, P. 1441111004, 111.

211, 1040004, 2114.

Q

0041104, 2. Ant 0104 114 (40144 mur·
1104), 101140 21440041114 210410014114,
5⁴8. 211, 111, 001101001121, 145,151,
1111621, 15, 611, 611, 611.

 

